1.000000 75 0.740021
1.000000 729 7.204020
1.000000 971 10.283406
1.000000 342 2.912659
1.000000 809 8.028462
1.000000 476 5.172476
1.000000 142 1.347847
1.000000 573 5.071089
1.000000 76 0.488962
1.000000 110 0.603650
1.000000 495 4.099446
1.000000 211 1.345374
1.000000 146 1.012832
1.000000 1357 0.960503
1.000000 298 2.435061
1.000000 45 0.724065
1.000000 408 4.004986
1.000000 76 0.830414
1.000000 236 1.841289
1.000000 64 0.479947
1.000000 108 0.858120
1.000000 850 8.367860
1.000000 107 1.053636
1.000000 132 0.789196
1.000000 60 0.639342
1.000000 44 0.883520
1.000000 258 2.247482
1.000000 179 0.935995
1.000000 933 9.712222
1.000000 138 0.739900
1.000000 102 0.770932
1.000000 69 0.831969
1.000000 846 8.698817
1.000000 152 1.194221
1.000000 1001 10.620372
1.000000 52 1.436900
1.000000 598 5.693374
1.000000 72 0.872493
1.000000 53 0.768094
1.000000 115 1.177892
1.000000 82 0.897429
1.000000 58 0.729852
1.000000 350 3.335408
1.000000 89 0.885591
1.000000 549 4.833441
1.000000 779 6.777851
1.000000 272 3.295304
1.000000 75 0.893487
1.000000 474 4.776352
1.000000 776 7.496932
1.000000 390 4.202645
1.000000 1024 10.557028
1.000000 59 0.677658
1.000000 127 0.873279
1.000000 65 0.851914
1.000000 57 1.031656
1.000000 204 1.980779
1.000000 84 1.059987
1.000000 229 1.830785
1.000000 75 0.422365
1.000000 129 1.483983
1.000000 65 0.614113
1.000000 1177 1.094597
1.000000 103 1.055567
1.000000 85 1.010975
1.000000 78 0.673052
1.000000 569 5.473752
1.000000 406 3.886937
1.000000 64 1.025000
1.000000 836 9.710197
1.000000 73 0.754251
1.000000 104 0.922902
1.000000 288 2.926972
1.000000 465 3.297551
1.000000 474 4.493990
1.000000 259 2.466695
1.000000 221 1.786836
1.000000 220 1.746643
1.000000 454 4.558341
1.000000 142 1.248014
1.000000 706 8.002039
1.000000 69 0.801674
1.000000 91 0.641824
1.000000 409 5.083549
1.000000 483 5.080883
1.000000 342 2.751296
1.000000 57 0.870980
1.000000 337 3.147128
1.000000 65 0.697702
1.000000 1176 12.471995
1.000000 120 0.832710
1.000000 71 0.580810
1.000000 520 4.987216
1.000000 57 0.948081
1.000000 79 0.735089
1.000000 267 1.874078
1.000000 69 0.881310
1.000000 102 0.815197
1.000000 69 0.905437
1.000000 85 0.958208
1.000000 78 0.995068
1.000000 336 3.055292
1.000000 999 10.487051
1.000000 453 3.931271
1.000000 580 6.438258
1.000000 282 2.349746
1.000000 262 0.699629
1.000000 353 3.197631
1.000000 219 0.713090
1.000000 679 6.052990
1.000000 177 0.916313
1.000000 40 0.918092
1.000000 557 4.765946
1.000000 178 1.638957
1.000000 440 4.451687
1.000000 834 9.185702
1.000000 87 0.715885
1.000000 265 2.463646
1.000000 100 1.224235
1.000000 296 2.464819
1.000000 213 2.123339
1.000000 400 3.547105
1.000000 68 0.761412
1.000000 353 2.299022
1.000000 39 0.644810
1.000000 865 8.048481
1.000000 139 1.132629
1.000000 483 4.020648
1.000000 125 0.836493
1.000000 314 3.290470
1.000000 800 8.315800
1.000000 422 3.846745
1.000000 223 1.901441
1.000000 242 0.995198
1.000000 214 1.971701
1.000000 1090 12.471883
1.000000 1108 10.598270
1.000000 197 1.826923
1.000000 976 8.010611
1.000000 639 6.652988
1.000000 217 0.954776
1.000000 114 0.854705
1.000000 82 0.888721
1.000000 93 0.767590
1.000000 568 5.090537
1.000000 64 0.909276
1.000000 137 1.044690
1.000000 64 0.460883
1.000000 290 2.075062
1.000000 554 1.553805
1.000000 121 1.041343
1.000000 86 0.720299
1.000000 60 1.031279
1.000000 87 0.755409
1.000000 86 0.596746
1.000000 64 1.054333
1.000000 391 3.629238
1.000000 51 0.889010
1.000000 92 0.672774
1.000000 200 1.707338
1.000000 269 1.953900
1.000000 272 2.400220
1.000000 199 1.855324
1.000000 798 7.552764
1.000000 379 3.077020
1.000000 184 0.725414
1.000000 827 8.498128
1.000000 114 0.664172
1.000000 629 5.627572
1.000000 232 2.129094
1.000000 63 0.970236
1.000000 369 3.009967
1.000000 119 1.308625
1.000000 833 8.251250
1.000000 87 0.629562
1.000000 621 7.401477
1.000000 398 3.746125
1.000000 532 6.019179
1.000000 90 1.055129
1.000000 81 0.730974
1.000000 66 0.625030
1.000000 201 1.353694
1.000000 1003 11.028231
1.000000 73 0.506127
1.000000 957 9.451846
1.000000 1145 13.501685
1.000000 105 0.913033
1.000000 1080 10.717972
1.000000 1117 12.080075
1.000000 152 0.955859
1.000000 86 0.685788
1.000000 897 8.957194
1.000000 86 0.822574
1.000000 170 1.355442
1.000000 54 0.805985
1.000000 42 0.758777
1.000000 391 3.832205
1.000000 347 2.888650
1.000000 205 0.328506
1.000000 201 1.840946
1.000000 360 3.625286
1.000000 496 4.628243
1.000000 39 0.954326
1.000000 176 1.254968
1.000000 846 9.064085
1.000000 806 7.203100
1.000000 415 1.178237
1.000000 262 2.535980
1.000000 410 4.254031
1.000000 76 0.704902
1.000000 310 3.110246
1.000000 98 0.972929
1.000000 1079 12.285529
1.000000 470 4.475522
1.000000 561 4.761336
1.000000 411 3.576011
1.000000 260 2.220227
1.000000 212 2.468027
1.000000 76 0.723986
1.000000 1400 14.799988
1.000000 124 0.816064
1.000000 72 0.630573
1.000000 40 0.801574
1.000000 182 1.377232
1.000000 477 4.609033
1.000000 204 1.034790
1.000000 235 1.938836
1.000000 1110 10.284159
1.000000 62 0.616151
1.000000 216 1.507988
1.000000 557 5.845248
1.000000 404 3.771121
1.000000 1222 11.727341
1.000000 905 9.308160
1.000000 392 4.236507
1.000000 495 4.172204
1.000000 88 0.658064
1.000000 192 1.364851
1.000000 126 1.044820
1.000000 97 1.072762
1.000000 69 1.242518
1.000000 738 6.824045
1.000000 681 6.943164
1.000000 30 0.792259
1.000000 68 0.839391
1.000000 43 0.854039
1.000000 48 0.788220
1.000000 710 7.088870
1.000000 406 3.370534
1.000000 1122 10.115742
1.000000 143 1.055658
1.000000 466 3.734978
1.000000 99 1.283724
1.000000 45 0.683382
1.000000 116 0.910542
1.000000 486 0.997478
1.000000 119 0.882035
1.000000 164 1.261767
1.000000 555 4.540032
1.000000 29 1.099966
1.000000 60 1.029395
1.000000 133 0.735550
1.000000 474 4.633503
1.000000 137 1.175509
1.000000 143 1.023122
1.000000 643 6.725435
1.000000 46 0.760788
1.000000 66 1.055937
1.000000 114 0.705873
1.000000 54 0.467826
1.000000 63 0.738707
1.000000 195 1.114844
1.000000 46 0.880430
1.000000 91 0.806888
1.000000 469 4.091396
1.000000 53 0.701639
1.000000 480 4.146496
1.000000 80 0.608456
1.000000 481 4.303876
1.000000 66 1.255567
1.000000 392 3.346990
1.000000 220 1.598121
1.000000 97 0.634682
1.000000 304 2.361472
1.000000 975 8.720656
1.000000 369 3.772694
1.000000 842 8.057339
1.000000 475 4.679500
1.000000 217 1.410782
1.000000 220 1.952137
1.000000 119 0.895888
1.000000 112 0.661297
1.000000 80 0.930312
1.000000 148 2.150360
1.000000 1096 11.690200
1.000000 1211 13.534274
1.000000 96 1.033960
1.000000 477 0.862171
1.000000 134 0.761881
1.000000 143 1.317315
1.000000 693 7.371849
1.000000 53 0.961337
1.000000 223 2.244100
1.000000 351 2.854649
1.000000 358 3.625471
1.000000 450 4.247935
1.000000 246 2.303790
1.000000 470 4.222776
1.000000 51 0.832414
1.000000 1206 13.525274
1.000000 40 0.881966
1.000000 196 1.583733
1.000000 861 9.045213
1.000000 323 2.843987
1.000000 58 0.895187
1.000000 852 8.822130
1.000000 745 7.681887
1.000000 519 5.456453
1.000000 190 1.499452
1.000000 1085 11.058087
1.000000 204 1.565411
1.000000 168 1.004626
1.000000 252 3.615315
1.000000 476 4.705617
1.000000 861 8.774907
1.000000 323 3.013376
1.000000 465 4.289822
1.000000 796 7.112182
1.000000 1139 13.594282
1.000000 52 1.074658
1.000000 1306 12.423506
1.000000 74 0.946885
1.000000 526 6.070786
1.000000 197 1.356828
1.000000 533 5.439936
1.000000 362 3.437532
1.000000 79 0.599221
1.000000 410 4.878963
1.000000 365 3.747868
1.000000 293 3.177541
1.000000 488 4.112625
1.000000 255 2.348997
1.000000 262 2.364706
1.000000 673 6.273284
1.000000 282 3.308439
1.000000 90 0.488738
1.000000 53 0.855621
1.000000 332 3.413294
1.000000 74 0.970982
1.000000 524 3.967873
1.000000 112 0.922565
1.000000 41 0.882919
1.000000 1227 11.378978
1.000000 162 0.893886
1.000000 1288 12.712326
1.000000 84 0.618429
1.000000 97 0.793550
1.000000 539 5.124249
1.000000 161 2.044237
1.000000 144 1.336061
1.000000 198 1.281425
1.000000 73 0.896368
1.000000 119 1.077305
1.000000 912 8.291531
1.000000 33 0.667163
1.000000 207 1.274943
1.000000 64 0.873729
1.000000 315 2.175475
1.000000 77 0.781454
1.000000 66 0.716493
1.000000 164 1.032069
1.000000 51 0.872387
1.000000 130 1.018173
1.000000 44 0.642908
1.000000 495 4.750411
1.000000 88 0.904079
1.000000 319 2.884470
1.000000 172 1.497541
1.000000 401 3.188726
1.000000 101 0.920465
1.000000 251 1.852740
1.000000 768 7.253155
1.000000 70 1.050044
1.000000 392 3.640166
1.000000 357 3.181955
1.000000 542 5.002034
1.000000 1123 13.032101
1.000000 62 0.860695
1.000000 69 0.977111
1.000000 235 1.851903
1.000000 518 5.015161
1.000000 107 0.608947
1.000000 902 9.149815
1.000000 139 0.698772
1.000000 440 4.787907
1.000000 93 0.627480
1.000000 240 1.547938
1.000000 329 2.636504
1.000000 1256 13.734339
1.000000 164 1.278644
1.000000 102 0.885318
1.000000 68 0.637403
1.000000 1325 13.870734
1.000000 157 1.144580
1.000000 1268 12.334942
1.000000 1171 11.002667
1.000000 281 2.842982
1.000000 160 0.959932
1.000000 1164 10.676916
1.000000 96 0.877768
1.000000 129 1.512548
1.000000 336 2.797899
1.000000 384 4.045485
1.000000 43 0.926923
1.000000 172 1.239882
1.000000 54 0.814951
1.000000 54 0.996194
1.000000 353 3.964623
1.000000 229 1.791555
1.000000 103 0.864140
1.000000 596 7.178952
1.000000 99 0.862163
1.000000 29 0.851084
1.000000 74 0.635304
1.000000 69 1.069899
1.000000 135 0.986026
1.000000 1034 10.219880
1.000000 123 1.129590
1.000000 388 3.301941
1.000000 668 6.833201
1.000000 515 5.014634
1.000000 82 1.014240
1.000000 195 1.446974
1.000000 90 1.064071
1.000000 903 8.580263
1.000000 91 1.042286
1.000000 138 0.871710
1.000000 373 3.983347
1.000000 853 9.462615
1.000000 216 0.965928
1.000000 71 1.008364
1.000000 83 0.854431
1.000000 392 3.667486
1.000000 426 3.402424
1.000000 288 2.215696
1.000000 75 0.908638
1.000000 668 6.871069
1.000000 1000 10.181309
1.000000 44 0.694345
1.000000 161 1.762706
1.000000 166 0.880607
1.000000 487 5.368163
1.000000 978 10.974884
1.000000 274 1.979811
1.000000 78 0.736876
1.000000 116 0.348455
1.000000 151 1.306469
1.000000 199 1.212472
1.000000 90 0.930631
1.000000 828 8.958907
1.000000 67 0.628387
1.000000 255 1.829874
1.000000 302 2.545663
1.000000 72 1.063008
1.000000 1093 11.720660
1.000000 123 0.806719
1.000000 381 4.165309
1.000000 73 0.571915
1.000000 103 0.955910
1.000000 390 3.221176
1.000000 560 5.554774
1.000000 78 1.278457
1.000000 60 0.502996
1.000000 92 0.757626
1.000000 338 3.199570
1.000000 107 0.761409
1.000000 778 8.317487
1.000000 391 1.099068
1.000000 70 0.990313
1.000000 821 8.867318
1.000000 133 1.055162
1.000000 886 9.410805
1.000000 54 0.757244
1.000000 401 0.988089
1.000000 413 3.920843
1.000000 273 1.909215
1.000000 119 0.633078
1.000000 613 6.351150
1.000000 139 0.871201
1.000000 165 1.195826
1.000000 41 0.828827
1.000000 118 0.794793
1.000000 95 0.914204
1.000000 99 0.667980
1.000000 114 1.270612
1.000000 72 0.943170
1.000000 68 0.941959
1.000000 516 5.221119
1.000000 585 5.923333
1.000000 72 0.502832
1.000000 523 4.890698
1.000000 1285 12.670371
1.000000 408 3.601237
1.000000 96 0.440210
1.000000 131 1.037185
1.000000 42 0.791159
1.000000 85 0.926919
1.000000 79 0.838359
1.000000 1030 10.768125
1.000000 182 1.708936
1.000000 182 1.371266
1.000000 491 4.965133
1.000000 78 0.776671
1.000000 340 3.513643
1.000000 49 0.656477
1.000000 207 2.036198
1.000000 497 1.261103
1.000000 75 0.316624
1.000000 518 5.052840
1.000000 682 6.945899
1.000000 81 0.790421
1.000000 81 0.955600
1.000000 67 0.905527
1.000000 286 2.461762
1.000000 53 0.562899
1.000000 120 0.840080
1.000000 790 8.476353
1.000000 921 8.842603
1.000000 281 2.480409
1.000000 365 3.336366
1.000000 660 0.869847
1.000000 1294 13.885271
1.000000 959 8.774638
1.000000 403 4.360485
1.000000 62 1.056412
1.000000 137 0.573802
1.000000 246 2.147260
1.000000 103 0.886153
1.000000 972 9.361968
1.000000 522 4.326177
1.000000 541 0.913424
1.000000 189 1.639027
1.000000 549 5.421663
1.000000 1117 12.653653
1.000000 81 1.085327
1.000000 439 4.129617
1.000000 79 0.782455
1.000000 95 0.836635
1.000000 113 1.816287
1.000000 535 5.331535
1.000000 108 1.009870
1.000000 80 0.625298
1.000000 823 7.773730
1.000000 165 0.932740
1.000000 55 0.429857
1.000000 212 1.808879
1.000000 571 4.951242
1.000000 305 2.354297
1.000000 34 0.820605
1.000000 336 3.157997
1.000000 142 0.979303
1.000000 190 1.620795
1.000000 379 3.564826
1.000000 86 1.125263
1.000000 593 5.194925
1.000000 859 9.171834
1.000000 74 0.931680
1.000000 70 0.591046
1.000000 983 10.381589
1.000000 78 0.796127
1.000000 461 3.935013
1.000000 68 0.602029
1.000000 179 1.259936
1.000000 77 0.791493
1.000000 526 5.066142
1.000000 468 4.825583
1.000000 111 1.086881
1.000000 57 0.712699
1.000000 129 0.466223
1.000000 43 0.997029
1.000000 82 0.807343
1.000000 441 4.407822
1.000000 535 4.611314
1.000000 1001 11.467926
1.000000 80 1.191382
1.000000 1215 13.543389
1.000000 94 0.860441
1.000000 498 4.517506
1.000000 252 2.006957
1.000000 899 9.226939
1.000000 1329 1.162728
1.000000 316 3.175252
1.000000 79 0.813010
1.000000 354 3.653123
1.000000 50 0.665677
1.000000 132 1.030929
1.000000 102 0.860120
1.000000 243 1.965896
1.000000 112 1.095824
1.000000 204 0.804873
1.000000 972 9.302626
1.000000 77 0.803421
1.000000 86 0.822526
1.000000 313 2.645109
1.000000 792 7.767680
1.000000 515 5.598199
1.000000 550 0.639415
1.000000 57 0.808953
1.000000 582 5.317767
1.000000 789 8.634686
1.000000 99 0.658508
1.000000 102 0.758049
1.000000 338 2.723240
1.000000 264 1.885511
1.000000 420 4.230929
1.000000 396 3.838603
1.000000 510 5.890365
1.000000 1260 11.892785
1.000000 62 0.925706
1.000000 635 5.928992
1.000000 89 0.913477
1.000000 196 1.484826
1.000000 66 0.706881
1.000000 216 1.810032
1.000000 432 2.963651
1.000000 50 1.110996
1.000000 1058 9.577941
1.000000 648 6.906830
1.000000 112 1.085176
1.000000 113 0.613405
1.000000 95 1.083519
1.000000 1219 12.360890
1.000000 120 0.914148
1.000000 109 0.840566
1.000000 154 0.768760
1.000000 55 0.490627
1.000000 229 1.708502
1.000000 133 0.790931
1.000000 285 2.446110
1.000000 120 0.535137
1.000000 563 5.055782
1.000000 92 1.098284
1.000000 682 7.009858
1.000000 517 0.906642
1.000000 272 2.078538
1.000000 483 5.016987
1.000000 721 8.216478
1.000000 273 2.031180
1.000000 404 0.474120
1.000000 42 0.824950
1.000000 241 1.821723
1.000000 455 4.475009
1.000000 44 0.909642
1.000000 134 1.069360
1.000000 49 0.903495
1.000000 1177 11.758082
1.000000 686 7.238591
1.000000 82 0.554249
1.000000 846 9.179268
1.000000 49 0.720338
1.000000 194 0.861219
1.000000 196 1.103561
1.000000 780 7.984117
1.000000 96 0.771028
1.000000 76 0.671467
1.000000 96 1.225758
1.000000 69 0.884095
1.000000 110 0.889106
1.000000 87 0.851988
1.000000 626 7.268372
1.000000 318 3.003852
1.000000 145 0.700340
1.000000 42 0.777912
1.000000 1056 10.714748
1.000000 801 7.724435
1.000000 655 6.512945
1.000000 864 8.668432
1.000000 220 1.448972
1.000000 115 1.005399
1.000000 93 1.050908
1.000000 249 2.761958
1.000000 946 10.737854
1.000000 158 0.496408
1.000000 239 1.988008
1.000000 407 3.229825
1.000000 69 0.688417
1.000000 921 9.951121
1.000000 96 0.987799
1.000000 619 4.963600
1.000000 468 4.097609
1.000000 848 8.457573
1.000000 88 0.774576
1.000000 238 1.941863
1.000000 47 0.952059
1.000000 111 0.944369
1.000000 604 5.780349
1.000000 71 0.765566
1.000000 651 6.225744
1.000000 71 0.618576
1.000000 77 0.997737
1.000000 496 5.055879
1.000000 389 3.917982
1.000000 84 0.501043
1.000000 70 0.900848
1.000000 603 5.946671
1.000000 81 0.852894
1.000000 156 1.363888
1.000000 99 0.552211
1.000000 69 0.838067
1.000000 66 0.850001
1.000000 258 1.383021
1.000000 68 0.440351
1.000000 45 0.893370
1.000000 61 0.771886
1.000000 210 1.470655
1.000000 92 0.712326
1.000000 495 4.014729
1.000000 68 0.662772
1.000000 105 1.064095
1.000000 202 1.551541
1.000000 910 8.101974
1.000000 996 11.083522
1.000000 430 3.764219
1.000000 221 2.360748
1.000000 155 1.338255
1.000000 451 4.832416
1.000000 1081 10.948900
1.000000 1057 11.014468
1.000000 79 0.863693
1.000000 68 0.788364
1.000000 785 8.375827
1.000000 53 0.774586
1.000000 609 5.509059
1.000000 101 0.987004
1.000000 458 4.847623
1.000000 62 0.822972
1.000000 420 1.063828
1.000000 348 3.853908
1.000000 44 1.127055
1.000000 103 0.918309
1.000000 53 0.998575
1.000000 691 5.889162
1.000000 81 0.836938
1.000000 1044 9.117428
1.000000 62 1.036101
1.000000 239 0.917785
1.000000 855 8.050748
1.000000 526 5.181684
1.000000 116 0.875867
1.000000 187 1.361811
1.000000 72 0.970297
1.000000 205 1.088264
1.000000 44 0.745123
1.000000 61 0.856392
1.000000 281 3.268656
1.000000 82 0.726500
1.000000 69 0.693886
1.000000 57 0.814589
1.000000 1065 11.637074
1.000000 643 6.290663
1.000000 125 1.062511
1.000000 77 0.781484
1.000000 861 9.344302
1.000000 80 0.437766
1.000000 896 9.502408
1.000000 116 0.826368
1.000000 262 1.875514
1.000000 710 6.638113
1.000000 49 1.007829
1.000000 1294 13.647712
1.000000 72 0.647286
1.000000 93 0.923988
1.000000 61 0.979749
1.000000 107 0.760616
1.000000 276 2.641558
1.000000 54 0.695262
1.000000 210 1.880883
1.000000 294 3.679736
1.000000 88 1.071918
1.000000 478 4.858001
1.000000 236 1.662002
1.000000 91 1.060751
1.000000 287 2.182707
1.000000 157 1.208037
1.000000 267 2.419852
1.000000 64 0.571283
1.000000 184 1.649550
1.000000 158 1.068185
1.000000 56 1.047270
1.000000 1069 1.171692
1.000000 108 0.586791
1.000000 91 0.783146
1.000000 394 4.010913
1.000000 48 0.536407
1.000000 106 0.944421
1.000000 541 5.429948
1.000000 716 7.163862
1.000000 644 6.072872
1.000000 77 0.791768
1.000000 202 1.602295
1.000000 71 1.222962
1.000000 787 7.872547
1.000000 207 1.813476
1.000000 441 3.703286
1.000000 201 1.527535
1.000000 71 1.007141
1.000000 380 3.470829
1.000000 262 2.266131
1.000000 75 1.031242
1.000000 829 8.176654
1.000000 215 2.074405
1.000000 926 9.087252
1.000000 1305 13.213044
1.000000 130 0.666594
1.000000 116 0.924865
1.000000 130 1.089851
1.000000 181 1.159485
1.000000 818 6.835161
1.000000 73 0.772346
1.000000 542 4.809999
1.000000 761 7.755627
1.000000 243 2.695022
1.000000 92 0.967746
1.000000 119 0.944327
1.000000 840 9.455491
1.000000 666 6.763493
1.000000 176 1.127723
1.000000 92 0.965646
1.000000 222 1.328026
1.000000 141 1.052234
1.000000 127 0.698634
1.000000 748 6.669925
1.000000 934 8.637558
1.000000 720 7.213657
1.000000 411 3.759999
1.000000 47 0.657681
1.000000 389 0.969416
1.000000 769 7.971066
1.000000 670 6.605956
1.000000 188 1.632782
1.000000 488 3.887408
1.000000 889 10.024428
1.000000 292 2.929968
1.000000 68 1.038271
1.000000 116 0.845405
1.000000 858 8.964166
1.000000 34 0.949049
1.000000 96 0.891623
1.000000 72 1.048586
1.000000 206 0.899012
1.000000 254 2.100217
1.000000 474 4.529691
1.000000 61 0.803116
1.000000 84 1.126848
1.000000 122 1.037078
1.000000 1334 13.656043
1.000000 670 6.193153
1.000000 410 4.018483
1.000000 74 0.743573
1.000000 365 3.617010
1.000000 242 1.585737
1.000000 119 0.943496
1.000000 95 0.727541
1.000000 676 6.326928
1.000000 292 2.521584
1.000000 603 6.421112
1.000000 46 0.998720
1.000000 1236 11.492719
1.000000 84 0.570082
1.000000 197 1.523739
1.000000 499 5.788560
1.000000 110 0.431907
1.000000 126 0.975743
1.000000 80 0.598681
1.000000 716 7.641034
1.000000 972 10.346430
1.000000 98 1.097562
1.000000 48 0.871520
1.000000 101 0.795899
1.000000 242 1.771847
1.000000 979 1.073181
1.000000 229 0.946612
1.000000 334 2.896683
1.000000 1340 15.153847
1.000000 53 0.616647
1.000000 95 0.977461
1.000000 414 4.262878
1.000000 319 3.335608
1.000000 64 1.112890
1.000000 70 0.718308
1.000000 735 7.246311
1.000000 103 0.783755
1.000000 516 4.735161
1.000000 346 1.070044
1.000000 107 0.783489
1.000000 233 1.628197
1.000000 266 0.724043
1.000000 76 1.122115
1.000000 109 0.518510
1.000000 382 3.366566
1.000000 51 0.945034
1.000000 88 1.155027
1.000000 652 5.924053
1.000000 116 0.845706
1.000000 48 0.964093
1.000000 133 1.157033
1.000000 147 0.755061
1.000000 69 0.996016
1.000000 985 10.910893
1.000000 59 1.636393
1.000000 248 0.850397
1.000000 48 0.758544
1.000000 838 9.272964
1.000000 71 0.891424
1.000000 246 1.888793
1.000000 40 1.155298
1.000000 1095 10.008204
1.000000 153 0.856149
1.000000 701 7.620567
1.000000 871 8.739516
1.000000 314 2.399485
1.000000 968 9.964751
1.000000 145 0.744231
1.000000 588 6.328591
1.000000 73 0.867772
1.000000 60 0.870170
1.000000 455 3.621153
1.000000 47 0.899486
1.000000 141 1.476648
1.000000 99 0.985471
1.000000 61 0.940879
1.000000 1141 11.230379
1.000000 136 0.944656
1.000000 120 0.871267
1.000000 552 6.359322
1.000000 116 0.872126
1.000000 1173 10.459074
1.000000 325 3.214006
1.000000 775 7.496588
1.000000 507 4.572747
1.000000 446 3.578105
1.000000 128 1.004899
1.000000 221 1.801443
1.000000 56 0.901248
1.000000 667 6.361959
1.000000 293 2.712410
1.000000 1128 10.799954
1.000000 100 0.925533
1.000000 541 6.422523
1.000000 249 1.000193
1.000000 88 1.009524
1.000000 438 3.757416
1.000000 632 1.026095
1.000000 265 2.193628
1.000000 375 2.845803
1.000000 256 2.231321
1.000000 93 0.847184
1.000000 815 0.621079
1.000000 169 1.170397
1.000000 773 7.077537
1.000000 192 1.843598
1.000000 87 0.670668
1.000000 250 2.211003
1.000000 270 2.079494
1.000000 51 0.714110
1.000000 850 7.810153
1.000000 577 4.648810
1.000000 871 8.778881
1.000000 882 7.570113
1.000000 408 4.679121
1.000000 282 2.531467
1.000000 106 0.618631
1.000000 693 6.346640
1.000000 964 9.840169
1.000000 443 4.598336
1.000000 139 1.002000
1.000000 733 6.965323
1.000000 61 0.923664
1.000000 247 2.151051
1.000000 436 3.261493
1.000000 378 1.061621
1.000000 76 1.110309
1.000000 575 0.831600
1.000000 313 2.587343
1.000000 573 6.176993
1.000000 74 0.439942
1.000000 50 0.986463
1.000000 229 1.818362
1.000000 90 0.605211
1.000000 40 0.849117
1.000000 194 1.643063
1.000000 54 0.841795
1.000000 85 0.834044
1.000000 344 3.609910
1.000000 114 0.595424
1.000000 361 3.609391
1.000000 851 1.031570
1.000000 773 6.629836
1.000000 258 2.530223
1.000000 393 3.932529
