211
-211
111
221
113
213
-213
223
331
9010221
9000111
9000211
-9000211
333
10223
10113
10213
-10213
20113
20213
-20213
225
20223
115
215
-215
10221
20333
10111
10211
-10211
100113
100213
-100213
335
10331
321
-321
310
130
313
-313
323
-323
10313
-10313
10323
-10323
20313
-20313
20323
-20323
10311
-10311
10321
-10321
315
-315
325
-325
30313
-30313
30323
-30323
411
-411
421
-421
423
-423
413
-413
10421
-10421
10411
-10411
10423
-10423
425
-425
415
-415
431
-431
433
-433
10431
-10431
20433
-20433
# 10551
2212
-2212
2112
-2112
1114
-1114
2114
-2114
2214
-2214
2224
-2224
3122
-3122
13122
-13122
3124
-3124
23122
-23122
33122
-33122
3222
-3222
3212
-3212
3112
-3112
3114
-3114
3214
-3214
3224
-3224
3322
-3322
3312
-3312
3314
-3314
3324
-3324
3334
-3334
4122
-4122
4112
-4112
4212
-4212
4222
-4222
4232
-4232
4132
-4132
